ISS
1 25544U 98067A   24250.51871528  .00024512  00000+0  42725-3 0  9994
2 25544  51.6416  74.5323 0005363  46.4413  55.9925 15.49665776381927
Hubble
1 20580U 90037B   24250.49128472  .00000749  00000+0  38785-4 0  9997
2 20580  28.4697 225.2219 0002853  50.9897 144.3560 15.09533433641938
NOAA-19
1 33591U 09005A   24250.49277855  .00000219  00000+0  13255-3 0  9993
2 33591  99.1575 266.1809 0014059  68.7512 291.4938 14.12343343908763
Iridium
1 42962U 17061H   25264.57498503  .00000024  00000-0  16851-5 0  9990
2 42962  86.3990 137.5702 0002151  89.8969 270.2474 14.34217751416331